1603965440907534
1603965440907792
1603965440909856
1603965440916146
1603965440916407
1603965440916411
1603965440916412
1603965440916412
1603965440916412
1603965440916413
1603965440916413
1603965440916414
1603965440916414
1603965440916414
1603965440916415
1603965440916415
1603965440916416
1603965440916715
1603965442798279
1603965442798294
1603965442798300
1603965442798315
1603965442798325
1603965442798329
1603965442798335
1603965442798360
1603965442798370
1603965446515935
1603965446515950
1603965446515953
1603965446515954
1603965446515955
1603965446515955
1603965446515956
1603965446515957
1603965446515958
1603965446516569
1603968950408174
1603968950408494
1603968950408496
1603968950408497
1603968950408498
1603968950408498
1603968950408498
1603968950408499
1603968950408499
1603968950408500
1603968950408500
1603968950408501
1603968950408501
1603968950408502
1603968950408502
1603968950414346
1603968955437958
1603968955437964
1603968955438197
1603968964363619
1603968964363625
1603968964363626
1603968964363846
1603968964433531
1603968964433778
1603968964433782
1603968964433783
1603968964433783
1603968964433783
1603968964433784
1603968964433784
1603968964433784
1603968964433784
1603968964433785
1603968964433785
1603968964433785
1603968964433785
1603968964434020
1603968968501239
1603968968501253
1603968968501257
1603968968501259
1603968968501261
1603968968501263
1603968968501267
1603968968501273
1603968968501275
1603968968501277
1603968968501279
1603968968501281
1603968968501282
1603968968501284
1603968968501286
1603968968501288
1603968969459072
1603968969459078
1603968969459276
1603968978505682
1603968978505689
1603968978505698
1603968978505700
1603968984448894
1603968984448899
1603968984448900
1603968984448900
1603968984448900
1603968984448900
1603968984448901
1603968984449195
1603968998533646
1603968998533838
1603969003577957
1603969003577967
1603969003577969
1603969003577972
1603969003577976
1603969003577979
1603969004461412
1603969004461416
1603969004461645
1603969034482158
1603969652747423
1603969652748233
1603969652749101
1603969652749110
1603969652749113
1603969652749114
1603969652749114
1603969652749115
1603969652749116
1603969652749782
1603969652758071
1603969652758791
1603969652759648
1603969652759657
1603969652759660
1603969652759661
1603969652759662
1603969652759663
1603969652759665
1603969652759666
1603969652759667
1603969652759668
1603969652760385
1603969652764584
1603969652766699
1603969652767586
1603969652767597
1603969652767600
1603969652767602
1603969652767610
1603969652767612
1603969652767613
1603969652767615
1603969652767616
1603969652767617
1603969652768211
1603969652772901
1603969652773977
1603969652774938
1603969652774947
1603969652774949
1603969652774950
1603969652774952
1603969652774953
1603969652774954
1603969652774955
1603969652774957
1603969652774958
1603969652774960
1603969652775686
1603969658446492
1603969658446507
1603969658446510
1603969658446511
1603969658446512
1603969658446514
1603969658446515
1603969658446517
1603969658446518
1603969658446520
1603969658447324
1603969682766461
1603969682766476
1603969682766481
1603969682766485
1603969682766489
1603969682766492
1603969682766495
1603969682766499
1603969682766503
1603969682766507
1603969682766510
1603969682766514
1603969682766520
1603969682766525
1603970226484267
1603970226484282
1603970226484286
1603970226484287
1603970226484289
1603970226484290
1603970226484292
1603970226484294
1603970226484296
1603970226485104
1603970251465909
1603970251465931
1603970257472058
1603970261470876
1603970261470891
1603970261470896
1603970261470901
1603970261470904
1603970261470909
1603970261470917
1603970261470921
1603970372659576
1603970372660511
1603970372661456
1603970372661465
1603970372661469
1603970372661470
1603970372661471
1603970372661471
1603970372661473
1603970372662173
1603970372670109
1603970372670679
1603970372671119
1603970372671125
1603970372671127
1603970372671129
1603970372671130
1603970372671131
1603970372671133
1603970372671135
1603970372671136
1603970372671138
1603970372671139
1603970372671876
1603970372675438
1603970372678712
1603970372679258
1603970372679265
1603970372679267
1603970372679269
1603970372679270
1603970372679271
1603970372679272
1603970372679273
1603970372679274
1603970372679274
1603970372679275
1603970372680046
1603970372684331
1603970372686497
1603970372687010
1603970372687017
1603970372687020
1603970372687021
1603970372687022
1603970372687022
1603970372687024
1603970372687025
1603970372687026
1603970372687027
1603970372687029
1603970372687713
1603970378479834
1603970378479850
1603970378479853
1603970378479855
1603970378479856
1603970378479857
1603970378479859
1603970378479862
1603970378479864
1603970378480678
1603970388451465
1603970388451478
1603970388451482
1603970388451483
1603970388452593
1603970402685578
1603970402685596
1603970402685602
1603970402685606
1603970402685609
1603970402685614
1603970402685618
1603970402685622
1603970402685626
1603970402685632
1603970402685636
1603970402685641
1603970402685644
1603970402685648
1603970402685656
1603970402685661
1603970412793714
1603970418461965
1603970460468367
1603970460468382
1603970460468384
1603970460469188
1603970485210127
1603970490212779
1603970490212961
1603970495209410
1603970495209424
1603970518325124
1603970518325134
1603970518325136
1603970518325136
1603970518325137
1603970518325138
1603970518325138
1603970518325619
1603970518328251
1603970518330115
1603970518330118
1603970518330119
1603970518330120
1603970518330407
1603970518334510
1603970518335152
1603970518335155
1603970518335443
1603970523472354
1603970523472382
1603970523472385
1603970523472387
1603970523472389
1603970523472391
1603970523472392
1603970523472394
1603970523472395
1603970523473290
1603970548335662
1603970548335671
1603970548335674
1603970548335675
1603970548335677
1603970548335680
1603970548335682
1603970548335684
1603970578429773
1603970578429786
1603970578429789
1603970578429790
1603970578429791
1603970578429792
1603970578429793
1603970578429794
1603970578430580
1603970602445305
1603970602445318
1603970602445321
1603970602445322
1603970602445323
1603970602445324
1603970602445326
1603970602446040
1603970609454041
1603970609454055
1603970609454057
1603970609454059
1603970609454060
1603970609454062
1603970609454063
1603970609454064
1603970609454065
1603970609454067
1603970609454068
1603970609455158
1603970613077704
1603970613077720
1603970613077725
1603970613077730
1603970613077733
1603970613077738
1603970613077742
1603970613077747
1603970613077756
1603970613077760
1603970613077765
1603970613201641
1603970613201651
1603970613201655
1603970613208201
1603970613214910
1603970613214914
1603970613214916
1603970613214916
1603970613214917
1603970613214917
1603970613214918
1603970613215113
1603970613216931
1603970613217500
1603970613217503
1603970613217504
1603970613217504
1603970613217762
1603970613221753
1603970613222346
1603970613222349
1603970613222620
1603970618296813
1603970618296819
1603970618296821
1603970618296821
1603970618296822
1603970618296822
1603970618296823
1603970618296824
1603970618296824
1603970618296825
1603970618296826
1603970618296826
1603970618296827
1603970618296828
1603970618297152
1603970623470120
1603970623470135
1603970623470138
1603970623470139
1603970623470141
1603970623470142
1603970623470143
1603970623470930
1603970637380716
1603970637380726
1603970637380729
1603970637380729
1603970637380730
1603970637380731
1603970637380732
1603970637380733
1603970637380735
1603970637381181
1603970637395952
1603970637396342
1603970637396661
1603970637396665
1603970637396666
1603970637396667
1603970637396667
1603970637396668
1603970637396668
1603970637396975
1603970637413920
1603970637414295
1603970637414634
1603970637414638
1603970637414639
1603970637414640
1603970637414640
1603970637414641
1603970637414642
1603970637414642
1603970637414643
1603970637414643
1603970637414966
1603970638296059
1603970638296979
1603970638297708
1603970638297717
1603970638297721
1603970638297723
1603970638297725
1603970638297727
1603970638297729
1603970638297730
1603970638297732
1603970638297734
1603970638297736
1603970638298512
1603970638308739
1603970638313677
1603970638314271
1603970638314278
1603970638314281
1603970638314283
1603970638314284
1603970638314285
1603970638314286
1603970638314287
1603970638314290
1603970638314291
1603970638314293
1603970638314936
1603970638325963
1603970638326626
1603970638327117
1603970638327125
1603970638327128
1603970638327130
1603970638327132
1603970638327133
1603970638327135
1603970638327136
1603970638327138
1603970638327139
1603970638327783
1603970638924729
1603970638925057
1603970638925460
1603970638925464
1603970638925481
1603970638925482
1603970638925483
1603970638925483
1603970638925484
1603970638925484
1603970638925485
1603970638925485
1603970638925486
1603970638925487
1603970638925488
1603970638925853
1603970639278099
1603970639282262
1603970639282650
1603970639282654
1603970639282656
1603970639282657
1603970639282658
1603970639282658
1603970639282659
1603970639282659
1603970639282660
1603970639282661
1603970639282662
1603970639282663
1603970639282663
1603970639282664
1603970639282665
1603970639282666
1603970639282667
1603970639282667
1603970639282668
1603970639282959
1603970639284335
1603970639284339
1603970639284342
1603970639284344
1603970639284346
1603970639284352
1603970639284355
1603970639284357
1603970639284360
1603970639284362
1603970639284365
1603970639286451
1603970639286655
1603970639286658
1603970639286659
1603970639286660
1603970639286660
1603970639286661
1603970639286662
1603970639286662
1603970639286663
1603970639286664
1603970639286906
1603970639288036
1603970639289058
1603970639289310
1603970639289313
1603970639289314
1603970639289315
1603970639289315
1603970639289316
1603970639289316
1603970639289317
1603970639289317
1603970639289545
1603970639295959
1603970639296817
1603970639296821
1603970639296822
1603970639296822
1603970639296823
1603970639297184
1603970639298984
1603970639299248
1603970639299251
1603970639299252
1603970639299253
1603970639299253
1603970639299254
1603970639299254
1603970639299255
1603970639299549
1603970639300969
1603970643213958
1603970643213976
1603970643213981
1603970643213985
1603970643213988
1603970643213994
1603970643213998
1603970643214004
1603970643214009
1603970643214012
1603970643214017
1603970643214021
1603970643214026
1603970643214064
1603970643214073
1603970643214079
1603970643214083
1603970643214088
1603970643214097
1603970643214104
1603970643214110
1603970643214117
1603970643214123
1603970643214130
1603970643214143
1603970643216329
1603970643216338
1603970643216341
1603970643216346
1603970644445479
1603970644445486
1603970644445487
1603970644445488
1603970644445488
1603970644445792
1603970648213784
1603970648213819
1603970648213822
1603970648213847
1603970648213850
1603970648213860
1603970648213865
1603970648213867
1603970648213877
1603970648213878
1603970648213880
1603970648213882
1603970653471009
1603970653471021
1603970653471023
1603970653471024
1603970653471026
1603970653471027
1603970653471028
1603970653471029
1603970653471031
1603970653471032
1603970653471731
1603970658517250
1603970658517278
1603970658517288
1603970658517315
1603970658517322
1603970658517327
1603970658517334
1603970658517341
1603970658517350
1603970703445532
1603970708442072
1603970708442094
1603970708442261
1603970708442273
1603970708443278
1603970713445853
1603970740970008
1603970740975259
1603970740975617
1603970740975621
1603970740975622
1603970740975623
1603970740975623
1603970740975624
1603970740975625
1603970740975625
1603970740975626
1603970740975626
1603970740975627
1603970740975627
1603970740975628
1603970740975628
1603970740975630
1603970740975630
1603970740975631
1603970740976076
1603970740978023
1603970740978028
1603970740978030
1603970740978036
1603970740978039
1603970740978042
1603970740978044
1603970740978046
1603970740978049
1603970740978052
1603970740980246
1603970740980600
1603970740980604
1603970740980605
1603970740980606
1603970740980606
1603970740980607
1603970740980607
1603970740980608
1603970740980608
1603970740980609
1603970740980957
1603970740982574
1603970740983920
1603970740984275
1603970740984278
1603970740984279
1603970740984280
1603970740984280
1603970740984281
1603970740984281
1603970740984282
1603970740984282
1603970740984283
1603970740984615
1603970740986440
1603970740987979
1603970740988362
1603970740988365
1603970740988366
1603970740988366
1603970740988367
1603970740988367
1603970740988368
1603970740988368
1603970740988369
1603970740988369
1603970740988722
1603970740990621
1603970740990625
1603970746477507
1603970746477522
1603970746477525
1603970746477526
1603970746477527
1603970746477529
1603970746477530
1603970746477531
1603970746477532
1603970746477534
1603970746477536
1603970746477537
1603970746478613
1603970750970938
1603970750970949
1603970750970953
1603970750970966
1603970750970967
1603970750970969
1603970750970971
1603970750970972
1603970750970976
1603970750970977
1603970750970979
1603970750970981
1603970750970988
1603970750970990
1603970750970992
1603970750970994
1603970750970995
1603970750970997
1603970750970998
1603970750971001
1603970754446088
1603970754446097
1603970754446099
1603970754446100
1603970754446101
1603970754446102
1603970754446102
1603970754446103
1603970754446104
1603970754446105
1603970754446743
1603970756697753
1603970756697924
1603970756698058
1603970756698084
1603970756698106
1603970756698114
1603970756698122
1603970756698129
1603970756698133
1603970762446587
1603970762446601
1603970762446604
1603970762446605
1603970762446606
1603970762446607
1603970762446608
1603970762446609
1603970762446610
1603970762447414
1603970767453517
1603970767453530
1603970767453534
1603970767453537
1603970767453540
1603970767453544
1603970767453548
1603970767453557
1603963877828019
1603963877828020
1603963877828020
1603963877828021
1603963877828022
1603963877828023
1603963877828024
1603963877828024
1603963877828025
1603963877828026
1603963877828735
1603963882803238
1603963882803268
1603963882803278
1603963882803283
1603963882803292
1603963883486636
1603963883486649
1603963883486652
1603963883486653
1603963883486654
1603963883486654
1603963883486655
1603963883486656
1603963883486657
1603963883486658
1603963883487372
1603963913530155
1603963913530174
1603963913530184
1603963913530187
1603963913530190
1603963913530193
1603963913530196
1603963913530199
1603963913530202
1603963939134427
1603963939139563
1603963944511900
1603963944511914
1603963944511917
1603963944511918
1603963944511919
1603963944511919
1603963944511920
1603963944511921
1603963944511922
1603963944511923
1603963944511923
1603963944511924
1603963944511925
1603963944511926
1603963944511928
1603963944512701
1603963948814783
1603963948814870
1603963948814898
1603963948814904
1603963948814946
1603963948814950
1603963948814960
1603963948814964
1603963948814967
1603963948814971
1603963948814980
1603963948814984
1603963954510678
1603963954510693
1603963954510696
1603963954510697
1603963954510698
1603963954511389
1603963959514672
1603963959514688
1603963959514692
1603963959514695
1603964165944005
1603964165944318
1603964165944559
1603964165945227
1603964170951601
1603964597796723
1603964597797552
1603964597798418
1603964597798427
1603964597798430
1603964597798430
1603964597798431
1603964597798432
1603964597798433
1603964597798988
1603964597807151
1603964597807797
1603964597808663
1603964597808672
1603964597808674
1603964597808675
1603964597808676
1603964597808677
1603964597808678
1603964597808678
1603964597808679
1603964597808680
1603964597808681
1603964597809365
1603964597813147
1603964597815812
1603964597816733
1603964597816743
1603964597816745
1603964597816746
1603964597816748
1603964597816749
1603964597816750
1603964597816752
1603964597816753
1603964597816754
1603964597816755
1603964597817360
1603964597822117
1603964597823316
1603964597824096
1603964597824105
1603964597824106
1603964597824107
1603964597824108
1603964597824109
1603964597824110
1603964597824110
1603964597824111
1603964597824112
1603964597824113
1603964597824761
1603964602802700
1603964602802721
1603964602802726
1603964602802729
1603964603522014
1603964603522030
1603964603522033
1603964603522033
1603964603522034
1603964603522035
1603964603522036
1603964603522037
1603964603522038
1603964603522039
1603964603522911
1603964608534859
1603964608534883
1603964608534887
1603964608534890
1603964608534892
1603964608534895
1603964608534898
1603964608534902
1603964608534905
1603965437796967
1603965437797821
1603965437798755
1603965437798763
1603965437798767
1603965437798768
1603965437798769
1603965437798769
1603965437798770
1603965437799593
1603965440898265
1603965440898606
1603965440898823
1603965440898825
1603965440898826
1603965440898826
1603965440898826
1603965440898827
1603965440898827
1603965440898827
1603965440898827
1603965440899129
1603965440900611
1603965440907270
1603965440907523
1603965440907526
1603965440907527
1603965440907527
1603965440907527
1603965440907527
1603965440907528
1603965440907528
1603965440907528
1603965440907528
